3046
3047
3052
3055
3061
3067
3068
3074
3075
3076
3077
3078
3079
3081
3088
3099
3111
3165
13607
28458
29646
31300
31302
31312
33097
35704
35845
36881
36894
36898
38832
38833
38835
38881
40981
41875
41879
41880
44458
47281
50037
50041
51329
51683
53269
63592
70447
70448
77546
81844
88271
95581
104535
117505
132186
145388
156128
156131
156133
162317
195967
195969
201319
225041
242159
249344
249345
257625
296587
351366
351368
353565
385169
436017
543881
554055
554065
564608
574566
582737
676789
889459
1034604
1074897
1075084
1149722
1208065
1215408
1286959
1291522
1411642
1432497
1470871
1486889
1486918
1486919
1489057
1579116
1621096
1627833
1636543
1667192
1735750
1889259
1917417
